-3.1416 -3.0434 0.0210
-3.0434 -2.9452 0.0262
-2.9452 -2.8471 0.0266
-2.8471 -2.7489 0.0259
-2.7489 -2.6507 0.0237
-2.6507 -2.5525 0.0216
-2.5525 -2.4544 0.0201
-2.4544 -2.3562 0.0192
-2.3562 -2.2580 0.0196
-2.2580 -2.1598 0.0192
-2.1598 -2.0617 0.0198
-2.0617 -1.9635 0.0193
-1.9635 -1.8653 0.0179
-1.8653 -1.7671 0.0161
-1.7671 -1.6690 0.0128
-1.6690 -1.5708 0.0104
-1.5708 -1.4726 0.0082
-1.4726 -1.3744 0.0069
-1.3744 -1.2763 0.0049
-1.2763 -1.1781 0.0040
-1.1781 -1.0799 0.0034
-1.0799 -0.9817 0.0032
-0.9817 -0.8836 0.0033
-0.8836 -0.7854 0.0028
-0.7854 -0.6872 0.0023
-0.6872 -0.5890 0.0021
-0.5890 -0.4909 0.0022
-0.4909 -0.3927 0.0026
-0.3927 -0.2945 0.0032
-0.2945 -0.1963 0.0032
-0.1963 -0.0982 0.0037
-0.0982 0.0000 0.0041
0.0000 0.0982 0.0046
0.0982 0.1963 0.0056
0.1963 0.2945 0.0068
0.2945 0.3927 0.0088
0.3927 0.4909 0.0098
0.4909 0.5890 0.0127
0.5890 0.6872 0.0200
0.6872 0.7854 0.0496
0.7854 0.8836 0.1417
0.8836 0.9817 0.1178
0.9817 1.0799 0.0434
1.0799 1.1781 0.0221
1.1781 1.2763 0.0146
1.2763 1.3744 0.0102
1.3744 1.4726 0.0083
1.4726 1.5708 0.0071
1.5708 1.6690 0.0073
1.6690 1.7671 0.0074
1.7671 1.8653 0.0077
1.8653 1.9635 0.0077
1.9635 2.0617 0.0079
2.0617 2.1598 0.0074
2.1598 2.2580 0.0073
2.2580 2.3562 0.0069
2.3562 2.4544 0.0063
2.4544 2.5525 0.0064
2.5525 2.6507 0.0066
2.6507 2.7489 0.0072
2.7489 2.8471 0.0087
2.8471 2.9452 0.0114
2.9452 3.0434 0.0135
3.0434 3.1416 0.0176
